n = 15;

m = 4;

Q = 55;

dem= [0, 20, 10, 10, 20, 10, 10, 20, 10, 10, 10, 10, 10, 20, 20, 20];

dist= #[
	0: [1000, 38.019074, 13.209844, 45.991520, 41.101946, 34.207747, 35.956223, 44.643140, 14.461673, 30.688923, 48.992346, 20.276587, 5.5443660, 61.354380, 11.075197, 56.888399]
	1: [38.019074, 1000, 28.228531, 23.855607, 76.935297, 72.156635, 73.498299, 72.372923, 23.807771, 39.278747, 20.704105, 56.740902, 36.187981, 26.082369, 43.486664, 91.039551]
	2: [13.209844, 28.228531, 1000, 32.821943, 54.215588, 46.130792, 45.859023, 57.035515, 10.295630, 36.181348, 43.558351, 28.812497, 8.9822040, 53.588244, 23.323807, 62.944181]
	3: [45.991520, 23.855607, 32.821943, 1000, 87.035912, 78.168343, 76.016379, 88.168078, 36.049965, 59.548719, 43.692218, 59.035582, 41.604326, 43.500114, 55.311481, 87.104362]
	4: [41.101946, 76.935297, 54.215588, 87.035912, 1000, 15.860012, 26.822378, 23.146490, 53.544841, 48.745256, 81.558935, 33.791271, 45.505713, 96.267388, 33.451606, 51.237876]
	5: [34.207747, 72.156635, 46.130792, 78.168343, 15.860012, 1000, 11.161541, 36.360693, 48.388531, 51.924945, 80.716788, 20.419843, 37.161404, 94.368691, 30.686316, 36.928308]
	6: [35.956223, 73.498299, 45.859023, 76.016379, 26.822378, 11.161541, 1000, 47.343848, 50.384620, 58.961173, 84.604137, 17.161876, 37.343941, 97.308221, 35.828619, 26.400757]
	7: [44.643140, 72.372923, 57.035515, 88.168078, 23.146490, 36.360693, 47.343848, 1000, 52.142592, 35.978048, 71.012252, 47.681128, 50.130330, 86.395891, 33.767588, 73.230867]
	8: [14.461673, 23.807771, 10.295630, 36.049965, 53.544841, 48.388531, 50.384620, 52.142592, 1000, 26.683515, 35.227404, 34.253175, 14.098226, 46.977654, 20.248456, 70.253327]
	9: [30.688923, 39.278747, 36.181348, 59.548719, 48.745256, 51.924945, 58.961173, 35.978048, 26.683515, 1000, 35.034268, 47.889978, 34.861009, 50.421919, 23.949321, 83.838535]
	10: [48.992346, 20.704105, 43.558351, 43.692218, 81.558935, 80.716788, 84.604137, 71.012252, 35.227404, 35.034268, 1000, 69.226656, 49.323523, 15.404220, 50.054869, 105.47653]
	11: [20.276587, 56.740902, 28.812497, 59.035582, 33.791271, 20.419843, 17.161876, 47.681128, 34.253175, 47.889978, 69.226656, 1000, 20.588346, 81.175981, 23.988330, 36.764248]
	12: [5.5443660, 36.187981, 8.9822040, 41.604326, 45.505713, 37.161404, 37.343941, 50.130330, 14.098226, 34.861009, 49.323523, 20.588346, 1000, 60.693492, 16.619265, 56.168763]
	13: [61.354380, 26.082369, 53.588244, 43.500114, 96.267388, 94.368691, 97.308221, 86.395891, 46.977654, 50.421919, 15.404220, 81.175981, 60.693492, 1000, 63.972650, 116.50927]
	14: [11.075197, 43.486664, 23.323807, 55.311481, 33.451606, 30.686316, 35.828619, 33.767588, 20.248456, 23.949321, 50.054869, 23.988330, 16.619265, 63.972650, 1000, 59.988415]
	15: [56.888399, 91.039551, 62.944181, 87.104362, 51.237876, 36.928308, 26.400757, 73.230867, 70.253327, 83.838535, 105.47654, 36.764248, 56.168763, 116.50927, 59.988415, 1000]]#;
 
